FRAMES = 10
HIGH = 7.86623
LOW = 7.13113
AVG = 7.54979
