FRAMES = 10
HIGH = 0.237516
LOW = 0.224793
AVG = 0.231871
