FRAMES = 10
HIGH = 10.9913
LOW = 7.58883
AVG = 8.71761
